标题
迷宫问题
时间限制
1 S
内存限制
10000 Kb
问题描述
以一个m*n的长方阵表示迷宫，0和1分别表示迷宫的通路和障碍。设计一个程序，对任意设定的迷宫，求出一条从入口到出口的通路，或得出没有通路的结论。
问题输入
一组数据，输入数据第1行为两个正整数m和n，m表示迷宫高度，n表示迷宫宽度，m<100,n<100；第2行为两个整数，分表表示起点的行列位置；第3为两个整数，分别表示终点的行列位置；其后为m行数据，每行n个整数，表示迷宫对应位置的状态，0表示通路，1表示障碍。
问题输出
以三元组(i,j,d)形式输出从起点到终点搜索到的第一条通路，没有则输出no。其中三元组中的(i,j)表示迷宫中的一个坐标，d表示走到下一坐标的方向，d=1表示向右走，d=2为向下走，d=3为向左走，d=4为向上走。
输入样例
8 8
1 1
8 8
0 0 1 0 0 0 1 0
0 0 1 1 0 0 1 0
0 0 0 0 1 1 0 0
0 1 1 1 0 0 0 0
0 0 0 1 1 0 0 0
0 1 0 0 0 1 0 0
0 1 1 1 0 1 1 0
1 1 0 0 0 0 0 0

输出样例
(1,1,1),(1,2,2),(2,2,2),(3,2,3),(3,1,2),(4,1,2),(5,1,1),(5,2,1),(5,3,2),(6,3,1),(6,4,1),(6,5,2),(7,5,2),(8,5,1),(8,6,1),(8,7,1),(8,8,1)

